time,x,y,z,phi,theta,psi,x_velocity,y_velocity,z_velocity,phi_velocity,theta_velocity,psi_velocity,rotor_speed1,rotor_speed2,rotor_speed3,rotor_speed4
0.06,-4.845306080825782e-07,4.977239259825706e-08,10.004519733375412,5.566182872751568e-05,0.00039298352125261005,0.0,-4.036531941723763e-05,4.774480829996026e-06,0.1506490775674413,0.0027215238074875824,0.017187819127972234,0.0,452.13847054527344,453.5207720335987,452.4307174083775,452.6497235282826
0.12000000000000001,-1.816536369546271e-05,3.1985479772088773e-06,10.022046663640282,0.0006364433658259117,0.0014152158195477327,0.0,-0.000681509295260094,0.00015174190246904483,0.4335172688590395,0.0208558392585049,0.01673427853066022,0.0,492.251832521486,492.21816471554354,490.21021314968635,491.55556199454384
0.18,-9.408061911444357e-05,3.1758700372351365e-05,10.052281848388828,0.0022682248662100335,0.002404895890004255,0.0,-0.0019566101048014853,0.0009584683915535154,0.5742611009986108,0.037552623800923786,0.016011114633763365,0.0,449.0111221630272,448.9523698535839,450.06428701637833,451.4135969311494
0.23999999999999996,-0.00026338774063571293,0.0001434410492702619,10.089210627060051,0.004649068210213159,0.0031986228412739237,0.0,-0.0037747154917222585,0.002994771839728617,0.6566530330751281,0.04362824632385354,0.006985411138618624,0.0,432.0457479142682,431.2841051734993,431.3504674457334,431.8640089648885
0.3,-0.0005644584474228993,0.0004402285429432839,10.13373209250477,0.006806721284946526,0.0035553849812828275,0.0,-0.006304347840642853,0.007175128547625248,0.8272858231029632,0.012615351466986441,0.0037816617579005092,0.0,460.2974977472198,460.0438272897181,459.5301073117298,457.06594664263696
0.36000000000000004,-0.0010129176142586003,0.0010065316592848767,10.185247718985217,0.00765560674695287,0.003537386195766601,0.0,-0.008655742335527667,0.011778919139695322,0.8898541259557526,0.017049608432491564,-0.010060634612119625,0.0,425.5582978550504,424.37194409729267,425.9964025655088,426.37525576284344
0.4200000000000001,-0.0016184981732664907,0.0019101842690706788,10.246094735831276,0.00840784442455167,0.003106001305551054,0.0,-0.011466069400652031,0.018453674797182164,1.138165229975656,0.0014970674985049998,-0.0019905236629489966,0.0,482.15324884252414,482.76259578839097,483.11579096260147,481.9417430098625
0.48000000000000015,-0.002367079349766701,0.003183151426392089,10.316403614472529,0.008466609466112551,0.0028618698013875843,0.0,-0.013469123862007515,0.02398520189316531,1.2053952255898157,-7.660513118807298e-05,-0.008588540951337823,0.0,428.0840458846324,427.5223705364723,427.6634969040668,427.52942955475163
0.5400000000000001,-0.0032331698593902496,0.004798187637717536,10.391838653708986,0.008018639908937253,0.0027567024246284433,0.0,-0.015371162419467677,0.029832508594753317,1.308993067231264,-0.029421234828497792,0.009263601190967908,0.0,438.80784719869445,440.28719300021584,440.68108993940837,438.2490555934171
0.6000000000000002,-0.004211303415626269,0.006736821397514408,10.472030135971817,0.006440223092367248,0.0038562655892153685,0.0,-0.017316162623372204,0.03462927276242135,1.3639930087755114,-0.020711402783349535,0.03210303226114414,0.0,424.1247488519129,426.0816288682895,422.75600527829545,423.50555409303365
0.6600000000000003,-0.005340838391303759,0.008948183695119119,10.557709421558828,0.0053319961336999455,0.0054053583521671555,0.0,-0.02052358425471365,0.03895738240006172,1.4918247990253455,-0.014328377275550221,0.008677572090996805,0.0,448.22054987912696,446.31301260414637,447.450691101304,447.9700339825755
0.7200000000000003,-0.006703192953774602,0.011408646913176014,10.653370762112068,0.004255687806163699,0.005837937200206866,0.0,-0.024942909681634633,0.04294423015626317,1.6966057124466314,-0.026365574169029283,0.004099004164818355,0.0,471.64461743418207,471.29078568323894,471.2403345513575,470.3090961424542
0.7800000000000004,-0.00832957973884907,0.014072658975866542,10.759584501807588,0.0023625771605733092,0.005955031521541088,0.0,-0.029288879214683664,0.04566896735091215,1.8436273998447437,-0.04473349484333885,-0.0027325626252294836,0.0,453.59243437496866,453.04348391606203,456.13615510073726,454.66665226471594
0.8400000000000004,-0.010206971175941494,0.016850726155372937,10.87279172642733,6.28309170579146,0.005886335255529396,0.0,-0.033278573661187805,0.04667694614286506,1.9298057148124224,-0.03425828581944974,0.0018551638714708121,0.0,435.91761353233255,436.300811979198,435.1176241878959,435.9926942394517
0.9000000000000005,-0.01235420663863174,0.019639289117315765,10.996385656211993,6.2811325512835445,0.006079689810256639,0.0,-0.038312550203495215,0.04602337961327994,2.1895318129266452,-0.02962095554290317,0.005826179337234446,0.0,487.64763438171167,487.94409190639175,488.8152005460843,489.1603281204512
0.9600000000000005,-0.014787921139032188,0.02234833749923972,11.132074666952825,6.278920262970491,0.006266973534232889,0.0,-0.042839369902035095,0.04406990390054878,2.3331527242455548,-0.05815040908101899,-0.0029270650736370066,0.0,455.3586087457358,454.65782536071754,456.3101163262716,454.02623870386253
1.0200000000000005,-0.01748972743894535,0.024890079488443424,11.27526750256484,6.275559652731689,0.007004416416509507,0.0,-0.04725907171914379,0.040303514891447775,2.4397186181664363,-0.05204226632142308,0.032353736028938804,0.0,443.1213045762257,446.01201142853364,443.61553696245716,444.11465153971017
1.0800000000000005,-0.020472337616011204,0.027144559357061126,11.42393291329964,6.272435537310063,0.009142645129431415,0.0,-0.052361496364995014,0.034539699767118445,2.5156269639599764,-0.052121270940876124,0.041504752936347616,0.0,434.98872767443515,435.75494093414204,434.6094832794069,434.6010397260097
1.1400000000000006,-0.02385050055365562,0.02893945421187153,11.58169004481424,6.269268080800005,0.012443826486987497,0.0,-0.06059883151723351,0.02491605760212368,2.742420557213825,-0.05416456880511061,0.0735071316803685,0.0,480.07601333996007,482.499683898243,481.2602375012255,481.1039703296877
1.2000000000000006,-0.02775275544591988,0.030142802733784876,11.748661247367787,6.266190808222984,0.016538252439532997,0.0,-0.06989813579172494,0.014885451339843064,2.8230795361886494,-0.046081003656138195,0.054795731793426665,0.0,439.3094978799285,437.75872735103866,437.169945880678,437.84123029526637
1.2600000000000007,-0.03225995415801206,0.030716021218816277,11.918658625423898,6.263587034251639,0.019658672710234804,0.0,-0.08063065064293838,0.003981167959378274,2.8434391421831893,-0.03850633233564329,0.0457499060931513,0.0,418.8008618009526,418.0152395426966,418.96394500752353,419.6208230473958
1.3200000000000007,-0.037523960225640515,0.030532565344156236,12.092732505039976,6.261954085287549,0.02235873592934645,0.0,-0.09511425137769965,-0.010289191986461254,2.9587213480524803,-0.010960824672547954,0.043460125816566574,0.0,449.8174958959337,449.6331698180967,448.1054975605561,450.33881252806975
1.3800000000000008,-0.043726062884669244,0.029453244086158268,12.274273575358881,6.262026009227242,0.02480840327348055,0.0,-0.11188561074838084,-0.025703960481568734,3.092287550604488,0.018356351520071187,0.03496294594271533,0.0,457.6765858539919,457.00060177448415,452.9655173731561,455.3170762804969
1.4400000000000008,-0.05098014324744458,0.027461082466632515,12.463613625269453,6.262991099374489,0.026766285004814705,0.0,-0.13012362584172668,-0.040583912035915375,3.218694857771582,0.011103693172772107,0.02750574934568254,0.0,455.1363787413634,454.5395185268476,454.0498590257207,453.4675276358067
1.5000000000000009,-0.059313853369131475,0.024636906145322303,12.658460555064012,6.2636108186743655,0.02932056386134807,0.0,-0.14787332853768406,-0.05349020206936752,3.2760332396520915,0.00873169266989642,0.062494596586205195,0.0,431.05013906200816,433.99787105905307,434.23208737721376,434.03293259386385
1.560000000000001,-0.0687682475304488,0.021050310177947878,12.856741505535702,6.263624397843534,0.033077427859798725,0.0,-0.16762723653941436,-0.06602297855831807,3.3331536661864085,-0.028074115109049527,0.06285282595845804,0.0,433.45034284132583,433.4833898794538,435.34651826967695,432.2558023966555
1.620000000000001,-0.07950843794968569,0.016687911811967788,13.059266848296874,6.262261713756182,0.036789695996098715,0.0,-0.19074377413144883,-0.07953515752349219,3.4174234106001826,-0.013707152032067044,0.05983266757055862,0.0,442.0512546062944,441.8050746647959,442.8365193935421,444.0167132434783
1.680000000000001,-0.09166107330661681,0.01151784449443973,13.265535412019018,6.261024648382289,0.040561650689705964,0.0,-0.21468329021047342,-0.09288797037026515,3.4580539395565504,-0.0403542180979236,0.06832828703464444,0.0,429.31505376362236,430.03831359135734,430.0013765856748,427.7378484620155
1.740000000000001,-0.10546974650486207,0.005437461554750613,13.477784736594815,6.258561194134005,0.04477914160917429,0.0,-0.24604599847510503,-0.11004993881065997,3.6164046278691155,-0.04250234384332585,0.0739523978888809,0.0,466.06757391749494,466.5104566646394,466.43175378430095,466.26315470374675
1.8000000000000012,-0.12122741076621962,-0.0017124871302398052,13.698900187875301,6.25600903233531,0.04923989317053756,0.0,-0.279667650291343,-0.12854407561661635,3.7536331670985525,-0.04260346857857249,0.07512096107635413,0.0,460.33243160778875,460.4290058114801,461.6653694203788,461.65647557311667
1.8600000000000012,-0.1390741089797521,-0.010012086310541828,13.927696774763485,6.253801565338378,0.05475973589138938,0.0,-0.31574056761125546,-0.14834477348486597,3.8724806752416447,-0.027157120798128917,0.11347438667606181,0.0,455.30292392563774,458.3675885035391,455.36442466602966,456.5978072199764
1.9200000000000013,-0.1590224247858307,-0.01944404031732541,14.160274446318075,6.25194223820818,0.06136152886281021,0.0,-0.3497948977737767,-0.1662045847703635,3.880033255451704,-0.04003179200043586,0.10206234277331755,0.0,421.8249355525779,420.8495778801296,423.00259912695947,421.8919341637833
1.9800000000000013,-0.18124000148393135,-0.030038055858396213,14.395055528459487,6.250184940028449,0.06735997907263869,0.0,-0.39136460885302665,-0.1871166086407463,3.945720761958501,-0.013618461102249922,0.09543537671705105,0.0,441.50887254123944,440.97041731300914,439.534637244484,441.7179900880845
2.0400000000000014,-0.20604409734164944,-0.041904231108018615,14.633407257193337,6.249133175008499,0.0735775827459566,0.0,-0.43599718889570915,-0.20850241954055984,3.9990927843136763,-0.02679829754743381,0.11635207656025363,0.0,436.49992947628607,438.2514318561315,438.38971789833965,437.29316607912517
2.1000000000000014,-0.23367958026211927,-0.05508978268273189,14.875342433400608,6.24748736779074,0.0807565977998923,0.0,-0.48585493964041254,-0.23116356930323223,4.065102581423654,-0.028724489719956562,0.12553754037851975,0.0,441.7409439975225,442.51072129768636,442.31137527825484,442.1525140302278
2.1600000000000015,-0.26435844954943427,-0.0696275107285112,15.12011959601167,6.245831118336458,0.0881910626951985,0.0,-0.5374498096618996,-0.2535757280785413,4.093947206081849,-0.025453018861324495,0.12043461160952512,0.0,431.1208565350886,430.7038893259504,430.7792831444488,431.0556378853814
2.2200000000000015,-0.29822942207238473,-0.08552265108167059,15.366159525754396,6.244122402499643,0.09565527308063082,0.0,-0.5922337882517684,-0.27640140771868515,4.107244366735251,-0.03534391078189171,0.131342407263611,0.0,425.52928978378185,426.47679730859744,426.9008263763893,426.0556561195368
2.2800000000000016,-0.3353777912167916,-0.10276021730717945,15.61147770027467,6.242117371781344,0.10340140511303453,0.0,-0.6466966157429319,-0.2983547870864253,4.070062451176835,-0.029818872914848624,0.12420195818710766,0.0,410.22170420819907,409.60385598101465,409.02997426679326,409.5212174494981
2.3400000000000016,-0.37618288382988757,-0.12144970051236652,15.8570322077831,6.24004303089229,0.11031766545895572,0.0,-0.7141424856648774,-0.32479672706728874,4.114810016952564,-0.046355745341241025,0.08389319075124178,0.0,438.0522077846323,434.69834195538715,437.83183199775783,436.45311761224406
2.4000000000000017,-0.4212795055351076,-0.1418151515842349,16.10633957483099,6.2375559008053685,0.11564670198580362,0.0,-0.7895606724740007,-0.3542948297766168,4.19503192645772,-0.033109644830753904,0.09718666039146713,0.0,447.8060855956597,448.8926495840875,448.3574484356866,449.4314895455487
2.4600000000000017,-0.47127778155890515,-0.16410170847139668,16.362710871530847,6.2352190123972875,0.12141181958409764,0.0,-0.8776188041101505,-0.38879278893483116,4.349960120883148,-0.05439807200722224,0.09378802321255235,0.0,472.4118494134375,472.1569665347149,473.20307888488173,471.56057410607946
2.520000000000002,-0.526658982559908,-0.1885027227379363,16.62811864512372,6.232416615291671,0.12694275810272249,0.0,-0.9689585726163402,-0.42486772657615224,4.4962472644627205,-0.03459580049586708,0.08876287028705102,0.0,471.66363765446914,471.28196529479766,470.1928683458671,471.7233597978813
2.580000000000002,-0.5879434485551189,-0.21524486046703098,16.904618932578455,6.23019087744569,0.13206234241809423,0.0,-1.0743694522868865,-0.4667421907995235,4.71936182154364,-0.0426322597237293,0.07737840878387603,0.0,495.1757052431977,494.34257800683343,495.7350082809038,495.1435838734138
2.640000000000002,-0.6552534561478764,-0.2443859661587777,17.191328461691256,6.227899243608434,0.13672795431486584,0.0,-1.1697189582496446,-0.5048480801865621,4.836975414929813,-0.030538075658340928,0.07851260655720006,0.0,465.94148718335805,466.03466046372284,465.91580433015486,466.8598553602921
2.700000000000002,-0.7276168423446939,-0.27555036737502003,17.479533197766166,6.225995240738143,0.14141375697933167,0.0,-1.2428002480120302,-0.53412136638724,4.770010046809879,-0.03423756398512632,0.07725219208160743,0.0,407.53884905703865,407.43161987838835,408.28401512072276,407.95329904290713
2.760000000000002,-0.8044850888477514,-0.3085192464655894,17.76401653533062,6.223923418377442,0.14586057951792242,0.0,-1.3198722656600184,-0.5650131396859625,4.712876528769215,-0.035122385144964685,0.06695747323716979,0.0,411.08154068738736,410.17289543993553,411.10334025225194,411.0243137407169
2.820000000000002,-0.8867169671580103,-0.34364355740553754,18.04956920423988,6.222242879173145,0.14979777024926122,0.0,-1.4215388288374,-0.6059562941560919,4.804998273397299,-0.016632998543218907,0.06280204860963359,0.0,458.40697160047125,458.0796443420619,459.51941263869924,460.98270725325057
2.880000000000002,-0.9760503501198452,-0.3816246794695422,18.346678803534,6.22145295349161,0.15357452868164057,0.0,-1.5565415439179422,-0.6601109483950603,5.097181736833557,-0.007003163785457949,0.0632321527690003,0.0,519.7065136171991,519.738903149282,516.72454749309,517.4031676278071
2.940000000000002,-1.072647175323814,-0.4224994146481195,18.655262171954515,6.221147319489624,0.15738541888621782,0.0,-1.6636770836324415,-0.7023854602128499,5.188346881618979,-0.0015252503426233612,0.0640740350416878,0.0,463.25047234600993,463.3194321404585,462.71726513320317,463.14846009805257
3.000000000000002,-1.1759990043251451,-0.46601089816926,18.97082991892563,6.220673247739882,0.16076769395420065,0.0,-1.7816845168782345,-0.7479758420829227,5.329732553149092,-0.02540557191182758,0.032848070018808836,0.0,480.2616365666265,477.8887526847492,480.72597168537015,478.9128591583989
3.0600000000000023,-1.2867897449176562,-0.5123845750304273,19.29661990418408,6.2189979452419255,0.16349801750456372,0.0,-1.9114759522808698,-0.7979322509486374,5.5287812160828365,-0.03349905170382305,0.0631583974645146,0.0,496.47726979124786,498.6973773156626,498.4793083957438,497.887315769201
3.1200000000000023,-1.4042790579186522,-0.5613430157494771,19.627312614372922,6.217345798772486,0.1670477921067839,0.0,-2.005177498554062,-0.8341696317284834,5.494301850196447,-0.017692864531520466,0.049656676820892434,0.0,429.047474703427,427.9019423227181,427.84272392173483,429.18637384659075
3.1800000000000024,-1.5277976841334222,-0.6126348426159854,19.957953024769804,6.216609297813974,0.16959303242620205,0.0,-2.112358788460693,-0.8756236812123405,5.526707958490184,-0.003191837141122869,0.021210388930710818,0.0,451.0411674328475,448.7383593279201,449.9172565930823,451.0901051030604
3.2400000000000024,-1.6582839142469588,-0.6666150459127214,20.293363353871587,6.2162107224604295,0.17105573184865186,0.0,-2.237239696036409,-0.9237012321130508,5.6528379505696735,-0.014636969452185409,0.030060767632155025,0.0,479.4607641210966,480.13284323841185,479.84998477802844,478.9803201823762
3.3000000000000025,-1.7957747829748958,-0.7232866755608761,20.633275820384455,6.215101639145377,0.17259158555220022,0.0,-2.34594569012722,-0.9654305202807947,5.677287001258021,-0.027574403479404267,0.01470829740521272,0.0,450.28810443897015,449.0442815995053,450.9605738368452,449.91415780556
3.3600000000000025,-1.9395699976444731,-0.7823870642282369,20.973200146978805,6.213203481821468,0.17303282520250818,0.0,-2.447343716661041,-1.0047359887507314,5.653499538683257,-0.041335305244695746,-0.014431354541794842,0.0,436.0328569729614,433.59108966654264,435.9723495396812,434.8203953252721
3.4200000000000026,-2.0890218436397348,-0.8437041593241532,21.309175304035982,6.210379478417519,0.17213777557565102,0.0,-2.5344639754237845,-1.0393926610584672,5.546113777463908,-0.06212743531048601,-0.01590789751972161,0.0,407.7234958000978,407.5916088282772,406.8188572982782,404.95067490044227
3.4800000000000026,-2.2442015524177776,-0.907357772008373,21.64157992814709,6.206471715661621,0.17096524482237996,0.0,-2.6381622769830346,-1.0827221314123223,5.533970007270443,-0.07193097982405033,-0.02803577423774723,0.0,438.93577414120256,437.9279418599941,437.9660209895194,437.14646224442123
3.5400000000000027,-2.4054098028764845,-0.9735974587507474,21.97218197644989,6.203214841006526,0.16912373939086667,0.0,-2.735404886878551,-1.1255791136631321,5.486228905078493,-0.0321685952351741,-0.03661620480927576,0.0,426.2770593595931,425.542665631549,425.1406738960738,428.5321020570525
3.6000000000000028,-2.5722413627917615,-1.042365293774126,22.29877453397653,6.20131296553755,0.1668043113377653,0.0,-2.825620418169283,-1.1668646561980505,5.400542371525315,-0.030772992796033665,-0.04308679490194578,0.0,413.1266513935914,412.55472184588683,413.38214301571577,413.5046902120869
3.660000000000003,-2.7451088861072384,-1.1139550307066555,22.62403556617733,6.199419502833933,0.16465717965942872,0.0,-2.936448487937365,-1.2196225509599912,5.441198528852134,-0.03317493053937545,-0.024168452970638,0.0,452.0955180176858,453.61693709120766,455.1461254777857,454.953485550193
3.720000000000003,-2.925013114268703,-1.1889545505237133,22.95417124426731,6.19717768340357,0.16401496256436499,0.0,-3.0602195732609956,-1.2805314701636976,5.562564323514432,-0.047432932767231914,0.007740671985764298,0.0,478.1664207664693,480.59159277435924,479.7090408387504,478.624351813509
3.780000000000003,-3.111818460912056,-1.2673828203819415,23.28836490738784,6.1942559311449,0.16447556470943336,0.0,-3.166715335145907,-1.3339932768844838,5.576972845093316,-0.05134863380265422,0.007548451953950877,0.0,448.3719406016139,448.35620484040317,447.72697035735797,447.40676573266603
3.840000000000003,-3.3044458038419635,-1.348755064258048,23.619855425862433,6.191211161380497,0.16505132605769646,0.0,-3.2543905362003342,-1.378682935406905,5.473088019390099,-0.049568071387346986,0.013405324968325935,0.0,409.0895520846192,409.61075244841317,408.7816733091371,408.93846823203575
3.900000000000003,-3.5033430566523385,-1.4333992503627335,23.95097080531128,6.188051100318788,0.16576975010852646,0.0,-3.3755812124088296,-1.4430502919573296,5.563409972152301,-0.059723883640427806,0.008944770341970389,0.0,472.54745938839426,472.2032925225949,470.69676268868653,469.90833436900164
3.960000000000003,-3.709017974688304,-1.5216731729950432,24.284364393283496,6.184944372787346,0.16607921604667286,0.0,-3.4803721352130554,-1.4997009052320665,5.549587750952822,-0.0393521406695843,-0.0037622550876032796,0.0,440.2512360381189,439.19828229490116,439.63619552624033,441.3193815828895
4.020000000000002,-3.9210234877572847,-1.613410457481788,24.617036154921006,6.182754885471963,0.1660248602723433,0.0,-3.5865589641483555,-1.5584113814602032,5.539354068850597,-0.03131026251475219,0.004269566482551102,0.0,440.3017229142632,440.9658729513431,442.0287263167485,442.69046471927777
4.080000000000001,-4.138861538007639,-1.7083736884326974,24.945756036448525,6.18070728668309,0.16669276239233177,0.0,-3.674935808803717,-1.6072341449741951,5.41844205955823,-0.04045497066267634,0.022182116366197678,0.0,403.13649973603304,404.7521409439269,405.1531978621526,404.32933963648094
4.14,-4.362386646086273,-1.8065138554350273,25.2692841918896,6.178308501052623,0.16774726225550474,0.0,-3.7761259101209976,-1.664325646107126,5.365891627650332,-0.03904612886440404,0.006244704647331468,0.0,427.52128550844475,426.1608227699191,426.8192249195512,426.93858461509694
4.199999999999998,-4.591834492302365,-1.9080053351748016,25.58855498390137,6.176571643374322,0.1689052273505558,0.0,-3.8723681488390933,-1.7189242404588005,5.27673506983411,-0.013986782483749651,0.0373465887659779,0.0,413.4865732386527,416.2181890479686,412.53166608294003,414.738597218575
4.259999999999997,-4.827197031004323,-2.012857751782614,25.903016687685334,6.176431544745945,0.17175307799558936,0.0,-3.9733938128441366,-1.7762328322116254,5.205456507146808,0.01430103242438367,0.06244474390688315,0.0,418.8709922447649,421.0498742665927,418.44829151777407,420.90419051718396
4.319999999999996,-5.068888730931116,-2.1212716936917446,26.21431591890625,6.177837563627465,0.17529482061803137,0.0,-4.083405720816606,-1.8374944637918484,5.1711065008029315,0.03729230803125512,0.05113496494016455,0.0,432.06298709212786,431.11073694009184,431.37096935503394,433.30858678301564
4.379999999999995,-5.317289480690408,-2.2333567376730974,26.52369851266849,6.179821758007948,0.17851056244334806,0.0,-4.196996923922878,-1.8985265259647364,5.14156554333998,0.022901101496801295,0.05810995575136188,0.0,433.4620381131221,434.04988371352084,434.2399789503502,433.03125626316495
4.439999999999993,-5.573256877201989,-2.3494601300958196,26.834982991080352,6.181793621226182,0.1819263389031267,0.0,-4.3356002348118565,-1.9713730601889365,5.233828408148929,0.04767389951489698,0.05445881641036221,0.0,472.96383066198445,472.68449614918836,471.09041860634125,473.00274961194265
4.499999999999992,-5.836947700607674,-2.469520428405234,27.148079671805306,6.184402741066361,0.18532301543771723,0.0,-4.4544993424465416,-2.030443799704121,5.2026429136281305,0.03341715602012837,0.060600206898817364,0.0,435.01158673575026,435.5279130627777,435.2950521994282,434.1011791220952
4.559999999999991,-6.108672478940394,-2.593516047777336,27.46359982203025,6.186841038090794,0.18902068217035328,0.0,-4.603360090245517,-2.1024652741603065,5.313804347028482,0.052152315614864685,0.06360669719503169,0.0,479.8940730647471,480.1246806004585,478.9815040413473,480.4051676962018
4.6199999999999894,-6.388714978898535,-2.721426076307753,27.782034338146083,6.189596752125446,0.19306763608396604,0.0,-4.731843633562321,-2.1609734637319646,5.300459482991694,0.02903061873662783,0.07419625276280237,0.0,443.1517827193987,444.0249619772291,443.2757301778285,441.3723351809502
4.679999999999988,-6.676712804432615,-2.852879701676399,28.100386162506613,6.191562354614437,0.19729025884389717,0.0,-4.868561065855382,-2.2206563791480094,5.31086794144711,0.03933305381857508,0.06137280686942877,0.0,451.4747993472342,450.44239832468435,450.86152353628773,451.6936960216766
4.739999999999987,-6.973344041527175,-2.9880322107406774,28.420956713763502,6.193908700508587,0.20133050381518913,0.0,-5.019565871118024,-2.284184969236411,5.374128458321606,0.038647383852981776,0.07717934953039861,0.0,467.60276895190435,468.83583138145013,468.72243765306627,468.66981014200775
4.799999999999986,-7.2793748861440415,-3.127054739137336,28.74639024739847,6.196824756577538,0.2059285512679061,0.0,-5.181928134767007,-2.3495941829623583,5.472713206004047,0.06339788931861441,0.07552141235810124,0.0,480.7808047438914,480.6593042033699,479.56368925998004,481.44158283671464
4.859999999999984,-7.595416898016816,-3.2700026389930836,29.078382882528963,6.200593586145512,0.2101305754207896,0.0,-5.35324313950588,-2.4149022597715972,5.592636143043035,0.06161989991299938,0.05583574398876638,0.0,489.0704047946731,487.6048338775645,489.34875992425356,489.21881926094284
4.919999999999983,-7.921643193264278,-3.4167155062434156,29.416537035426543,6.204395654826147,0.2137010795022869,0.0,-5.521346976735556,-2.475138720135721,5.678311012163259,0.06665113394682995,0.06599135054439471,0.0,479.96872610300017,480.74120742873083,480.8950957618282,481.27871104997166
4.979999999999982,-8.25675686112162,-3.566504231688786,29.753797767271898,6.208381731187718,0.21740645677093795,0.0,-5.6496764006113285,-2.5176231110951104,5.564042023524992,0.06599821552473914,0.0515534179892689,0.0,418.4889307529753,417.23289385473294,418.9924747434696,418.93926588417514
5.0399999999999805,-8.600389503869433,-3.7190386035511533,30.087451825943774,6.2119317799253615,0.2204170183518679,0.0,-5.805186702511499,-2.5665633324947597,5.557452653034832,0.03978879375812651,0.04726929676802115,0.0,453.5431395837345,453.2003662988751,454.34744989274856,452.24296968421845
5.099999999999979,-8.95386137459529,-3.874591805664231,30.42251233136768,6.214157031423021,0.22298506452319877,0.0,-5.977575084700732,-2.6183267788451654,5.610532134147698,0.03104992601155418,0.03189743046333055,0.0,472.96679166406057,471.7819835754662,473.1861074179727,472.51327730260385
5.159999999999978,-9.317363089006347,-4.033094954352146,30.758935387061197,6.2158563160901,0.22484538551301192,0.0,-6.139524361942143,-2.6649869437636533,5.603255536744482,0.022214788593146406,0.029159026030153398,0.0,454.4132373134817,454.1939147124239,456.5214268712723,455.81591750901003
5.219999999999977,-9.690226981481741,-4.194249532304754,31.092980991754565,6.216876534722207,0.22660434905360916,0.0,-6.289721981892276,-2.70679333240339,5.531664620734058,0.003736599575012444,0.02962823793438737,0.0,435.568574368595,435.6080979026107,435.270432552093,433.7207842030115
5.279999999999975,-10.071561317037165,-4.3577281398017105,31.42000597696473,6.2176237291310095,0.22821816264246486,0.0,-6.421983982594799,-2.742546170106352,5.369764815858849,0.02582176249593386,0.020783109251554868,0.0,404.0891749362831,403.2910302682811,402.89476392373024,404.8871699202229
5.339999999999974,-10.462341929729016,-4.5237495463216835,31.743436015989264,6.2191190204460245,0.22939744744286905,0.0,-6.604346200945467,-2.7913711292703365,5.410630095201017,0.02305759621746377,0.017296918589493317,0.0,470.4421499862094,470.17200901332893,468.99931131564017,468.78458153530323
5.399999999999973,-10.864062099525079,-4.692656801991932,32.06891890179209,6.221299043938647,0.23027554201765632,0.0,-6.786648919914059,-2.838721858657719,5.438278861557106,0.05459393140213682,0.008694366655832855,0.0,465.6083793169832,464.9345916323041,467.0095894704759,469.4640425482493
5.4599999999999715,-11.276500459676623,-4.864290486565078,32.39474855608419,6.224548325691005,0.2308239988267875,0.0,-6.961669955752223,-2.8821733067780433,5.422496817452467,0.05326177869830139,0.010019487635637855,0.0,452.4358707060765,452.5424509919877,455.84341688247235,455.7387890485811
5.51999999999997,-11.700038059236267,-5.038614250139665,32.72179870287614,6.227495622251357,0.2313773607849745,0.0,-7.1565435594019,-2.928346470491866,5.4785032151391135,0.03919557300472155,0.007579479580354134,0.0,476.51048041659186,476.3237436038896,477.9282833779553,476.8560037507154
5.579999999999969,-12.134387112517958,-5.215438431525989,33.048087276815735,6.2295854606748655,0.23178737852430853,0.0,-7.322245819872931,-2.9656898258173925,5.397939812647225,0.024238624030227765,0.005298520435583242,0.0,435.13121438423184,434.9400606494256,435.5932669021758,434.34084728060157
5.639999999999968,-12.578705691500868,-5.394470427136573,33.36926799961908,6.230794099021075,0.23162039578756932,0.0,-7.488874494835993,-3.0020062811845123,5.308284039963283,0.010347358561372753,-0.028423034983394643,0.0,432.46973936778215,429.61919175253894,432.81985190809684,431.64880999219224
5.699999999999966,-13.034135587585254,-5.575903845984901,33.68943389126876,6.231736641214372,0.22992531247813197,0.0,-7.69230082316643,-3.0457163128315856,5.363315525788983,0.02471243285773108,-0.027910337783834685,0.0,477.9941999088301,478.0331278018915,475.78643716588107,476.8851393851159
5.759999999999965,-13.501317306962763,-5.759834746548726,34.01067736174304,6.233805854768283,0.22874864337849043,0.0,-7.880773322858814,-3.0852080092563248,5.344654491764874,0.0490831884669689,-0.006746569188408864,0.0,455.2131438541298,456.9039989666185,454.06381502559424,456.01569487790823
5.819999999999964,-13.97895643492928,-5.945911190620292,34.32678186114553,6.236720597362783,0.2284719476915118,0.0,-8.041169714152884,-3.117243475128787,5.1927939006052,0.04755155243231697,-0.0006510722688347326,0.0,410.8754393179587,411.41574078051104,411.95577360055955,411.821927730698
5.879999999999963,-14.466925865676487,-6.134003671791601,34.636368212434476,6.239335191375774,0.22880562024858353,0.0,-8.22503467108241,-3.1523561079643856,5.126805608042968,0.034127467410751434,0.01574584574715058,0.0,438.819507145704,440.1788347754847,439.69048056021165,438.57768945787313
5.939999999999961,-14.966482759273651,-6.3242580991411135,34.94387877569211,6.2411261620990235,0.22944113487092022,0.0,-8.42738766234162,-3.189328385693814,5.123146866219533,0.019516090213247586,-0.0024861462682337996,0.0,460.62901394269875,459.1844833567755,459.3357703589208,458.1755185845012
5.99999999999996,-15.477543075178193,-6.516576982107786,35.24792112356302,6.242355346873715,0.22920615239852982,0.0,-8.608601465975836,-3.2212796622456867,5.011898009221025,0.02235951273554752,-0.006942493788372625,0.0,425.56017288739133,425.17851254597093,424.49215753606376,424.7361617511272
6.059999999999959,-16.00008043062601,-6.710890049002081,35.54737415077933,6.2436706882545,0.2285543910644794,0.0,-8.80986463053187,-3.2557625609906955,4.969761255438345,0.02103347833252129,-0.02015857159080324,0.0,447.2727625700971,446.19494531274813,447.7564524311408,447.6485417088955
6.1199999999999575,-16.535500206161633,-6.907377844874147,35.847267028643074,6.245006807727265,0.22676618142165506,0.0,-9.037845141258707,-3.2937325783446387,5.026007759494422,0.024630935309213474,-0.06881402957553043,0.0,480.2302770681749,476.52377453123785,477.70767358123004,477.98196200907654
6.179999999999956,-17.083880991658763,-7.1059942155874305,36.14700911859256,6.246166028237926,0.22255725613722976,0.0,-9.241984107578947,-3.3267696259857975,4.965648780919929,0.005719725499049884,-0.07295998193509928,0.0,444.1636467624565,443.81964028949847,442.1767737731344,440.6156412662141
6.239999999999955,-17.645458406252178,-7.30672943550252,36.44695838002244,6.246499199899841,0.21815209540597902,0.0,-9.477490724735503,-3.3643992241986593,5.032150359074757,0.005217008594815094,-0.07435374705385209,0.0,481.65288744639605,481.5437079658284,481.91987388552445,481.8817656607352
6.299999999999954,-18.219980212364593,-7.509516960941824,36.74520817014713,6.246756873769382,0.21371363283025868,0.0,-9.673877911654046,-3.3952353242956006,4.910145166874156,0.002382624054989408,-0.0732266463345028,0.0,422.6774039514041,422.76998309641914,422.93711210508377,422.69277019676304
6.359999999999952,-18.80709699554361,-7.71428000006291,37.03940642796691,6.246854109542383,0.20971913489158123,0.0,-9.897153986004957,-3.43023427963947,4.896427140946193,5.1110889143937124e-05,-0.05580634061146918,0.0,456.27968660316486,457.66538222938397,456.80618040123386,456.620140104608
6.419999999999951,-19.40695515848858,-7.921021080283303,37.32920220773604,6.2467714947269695,0.20688531525780895,0.0,-10.098890124443729,-3.4612052859458053,4.7640161267378724,-0.004398165360519107,-0.03403365690585861,0.0,417.60292597733655,419.496734877823,417.64693855079275,417.25861089738936
6.47999999999995,-20.02007439682672,-8.129808771783289,37.615911253864994,6.246474964794597,0.20514902707931792,0.0,-10.339014822361198,-3.498438342829862,4.792470370333501,-0.006053048755373021,-0.020316575712007155,0.0,468.372644927595,469.43828160188696,469.1346367262484,469.0061824221999
6.5399999999999485,-20.647172504118966,-8.340743297665938,37.90155343157153,6.246411769019566,0.20402993180614626,0.0,-10.565064596688973,-3.5327756691619925,4.728940160037259,0.007431652205810823,-0.015514044165175588,0.0,441.1403140951687,441.5368574692649,440.1680850413138,441.2829458259209
6.599999999999947,-21.288348055792312,-8.553808465520195,38.18505781530876,6.246827282375136,0.20262788105502594,0.0,-10.808234904872991,-3.5693998669104205,4.720873604354278,0.005892587022895663,-0.047709323599642466,0.0,459.9036609766795,457.3456749306623,458.9201705668845,458.79784920737995
6.659999999999946,-21.944614701233416,-8.769133763177347,38.46970944827785,6.247445326036033,0.20007565942965044,0.0,-11.067981198466994,-3.6080980604532895,4.766991987212162,0.01791301956075867,-0.03380593273452329,0.0,474.43670405144235,475.50234070349876,476.38962820994607,477.30797289681
6.719999999999945,-22.61633569628926,-8.986726602885605,38.75567736848922,6.248392788479082,0.19820703702541387,0.0,-11.323548420776648,-3.6449556774013114,4.764977618213269,0.01116815829339334,-0.026290802231348172,0.0,462.1404253205513,462.7322500905154,462.44663379836925,461.91479761974796
6.779999999999943,-23.303168776062762,-9.206456592792819,39.03949256908609,6.248814511612194,0.19640207763103135,0.0,-11.571879003767554,-3.6793917001641687,4.6956003686456596,-0.0028997254345874543,-0.03901382847707268,0.0,442.237665944881,441.187820742522,442.0683610036913,440.9072235247992
6.839999999999942,-24.005448627778286,-9.428319317454452,39.320897797893714,6.249059637093135,0.1938157724314209,0.0,-11.838373095693537,-3.7160718833384667,4.684344692742262,0.01529712245730764,-0.052889324663673326,0.0,460.5460592728758,459.44597839679574,459.06763009691423,460.50960067386234
6.899999999999941,-24.723688223383185,-9.652347278029106,39.60046883174251,6.250116593555571,0.19068824193547496,0.0,-12.103970442288094,-3.751510395358949,4.634780704191833,0.021890991815371887,-0.05064056788117594,0.0,448.73447693518074,448.9153058726342,447.2589975859929,447.7957797201741
6.95999999999994,-25.45655060682384,-9.87823615056778,39.86916305486152,6.251231050600472,0.1874565287326435,0.0,-12.326286961204604,-3.77818331731095,4.323332911687786,0.010942532959778659,-0.061237499476782344,0.0,355.28064229216756,354.18929102923715,354.8879968408597,353.76204595029253
7.019999999999938,-26.204564892605983,-10.105992979213301,40.12745537441593,6.2520763805588295,0.1840867345156525,0.0,-12.608636777793384,-3.813708651745349,4.286447497368029,0.019736783794725585,-0.04757415919009292,0.0,447.76606049247096,448.8743232116873,448.34001809619355,449.05403016738944
7.079999999999937,-26.969999251853583,-10.335918980367937,40.38486125174777,6.253221714017929,0.1810636048610954,0.0,-12.906988272953576,-3.8504418197462975,4.2934816771384865,0.017760657307864313,-0.05670003163869952,0.0,462.8596121747445,462.13916672471225,462.1455178287267,461.98963222124917
7.139999999999936,-27.753380601582784,-10.568008768739542,40.64159665996965,6.25393423199607,0.17775473315268098,0.0,-13.206985259798794,-3.88586710686395,4.264342299764213,-0.0037521182952743133,-0.05221251879176996,0.0,451.3111289770929,451.67127698633095,452.332615001485,450.596329757352
7.1999999999999345,-28.555846617752643,-10.802362145401617,40.90117064582716,6.253703363062055,0.17431289353748358,0.0,-13.542992413259448,-3.925961940274972,4.387180146017229,-0.004039913712633918,-0.07042645380643565,0.0,497.45451686627,496.11671750385824,497.8608864506027,497.8399003812658
7.259999999999933,-29.37794637226548,-11.039004758016114,41.163631895016735,6.25313835013946,0.17049097627387333,0.0,-13.861734505035345,-3.9622098492032514,4.361523108808669,-0.023244275760035925,-0.052829114195914614,0.0,454.0194769532806,455.4265276638383,455.19436147321534,453.65465418598444
7.319999999999932,-30.219262326653034,-11.27780917361395,41.423370581466614,6.252521528748227,0.16741438231455152,0.0,-14.183715528454071,-3.998064126659396,4.296538357431512,0.007678565281751554,-0.04834045336537653,0.0,441.51501976468836,441.88358810983186,441.4678679673259,444.0127604960888
7.379999999999931,-31.080090367347164,-11.518757319727753,41.67842193083411,6.252799173208773,0.16483145799359633,0.0,-14.512298021098989,-4.033582026359451,4.205408827396616,-0.0023060488238046666,-0.03414689967837109,0.0,433.83670916748116,435.02601256747005,432.965713003146,432.12456535431784
7.439999999999929,-31.961873764382293,-11.762007991330599,41.9333276268254,6.2529070861311915,0.1635686331016455,0.0,-14.882152926222071,-4.074805566605819,4.290492190658575,0.00895214259796328,-0.0029566563209164533,0.0,485.9105450302588,488.2435689096556,487.84184402914076,488.68191293282405
7.499999999999928,-32.86564249776734,-12.007630648732126,42.189738298707525,6.254310123668038,0.16285199611489887,0.0,-15.245456351973724,-4.112585146039418,4.256112027454579,0.042735023590372984,-0.04385845298015137,0.0,455.1686984226822,451.882647995361,452.40304803454524,455.1157887455701
7.559999999999927,-33.79146297843647,-12.255477933689134,42.44309103172314,6.257061281622104,0.1597718704521789,0.0,-15.617327405906655,-4.14886820842711,4.189103110911213,0.051452726504284084,-0.07370543067983265,0.0,444.5557954521362,442.1007466677661,443.8938925799553,444.6101113612501
7.6199999999999255,-34.739587251563705,-12.505404558445104,42.68971487113902,6.260546857862995,0.1554357880533912,0.0,-15.989167606026486,-4.1819115445437305,4.032554230219039,0.06884713692310752,-0.06953942221949491,0.0,412.60225435293705,412.96551511966874,413.495093093804,415.0275859062543
7.679999999999924,-35.71014196040606,-12.757235746903149,42.92476344537751,6.264676578549899,0.15099373269630778,0.0,-16.3652739086752,-4.212353259499704,3.8036479637013234,0.06879175379760637,-0.08501331418107562,0.0,386.1170294221807,384.6486546392096,386.17792011468873,386.17705806240446
7.739999999999923,-36.70461106770068,-13.01096553807471,43.15167568008126,6.268582433000631,0.14592512039472894,0.0,-16.786179360655474,-4.2450681772626755,3.7604183526264285,0.056442241280817776,-0.08342568563618137,0.0,446.3869930818561,446.5107495413773,446.5217695975446,445.51601584939874
7.799999999999922,-37.72489734043395,-13.266617779625427,43.37637969201493,6.27222253770368,0.1410981286323505,0.0,-17.226017663459057,-4.276461139771252,3.7299413115352658,0.06800350390968656,-0.07508183828198302,0.0,449.7070370304561,450.3773819219367,448.72687470128574,449.66715593576134
7.85999999999992,-38.77275421425717,-13.524152195439695,43.60373511289065,6.276021300496653,0.13683099631057427,0.0,-17.70521987688465,-4.307675975127964,3.8479459831291147,0.05172885846402272,-0.06418611824100451,0.0,493.86948964943167,494.6692597260122,494.00314820602404,492.80383776363703
7.919999999999919,-39.8498162212426,-13.783490782977923,43.83724477637405,6.278534672110432,0.13399706605269568,0.0,-18.199846007118882,-4.336705163887916,3.935031629721578,-0.0006101658756683601,-0.02568573326572069,0.0,484.14178898530304,487.02893569899203,488.9068874682297,484.9914473123837
7.979999999999918,-40.95674397060249,-14.044529197524055,44.07251958746291,6.278463737463385,0.13347650094424957,0.0,-18.701176362110882,-4.364625395335008,3.9069265922087646,-0.002351777560292224,0.012921662200256446,0.0,450.87213697720887,453.9812742441679,454.4188366039646,454.2792008392585
8.039999999999917,-42.09467293707872,-14.307260707899633,44.30748670883965,6.278100818690472,0.13453539583066387,0.0,-19.233507107989507,-4.393155309215872,3.9241439738765553,-0.014716839315891824,0.02573316388437899,0.0,469.24513345062644,470.2387438746723,468.37658263729674,467.4138250267618
8.099999999999916,-43.265143847037756,-14.57171443229211,44.54196232455539,6.277242675081752,0.13579925094503764,0.0,-19.786242634679887,-4.422079504644193,3.8906401300916866,-0.013486149038390951,0.009543005558945397,0.0,455.46728143876925,454.17028912816266,456.86038534474136,456.95864047795993
8.159999999999915,-44.468846628241415,-14.837891185401626,44.768551353922945,6.276367464499579,0.1365361759059347,0.0,-20.341688560853335,-4.450571401934044,3.6624305695793593,-0.01688436628227633,0.017263425654295936,0.0,393.5818144710108,394.29581993605706,392.45818620984164,392.1426300739595
8.219999999999914,-45.70777077361432,-15.10584546763228,44.98841008716795,6.275538086414869,0.13748015102236,0.0,-20.96050914540925,-4.481356778280714,3.6648255922834543,-0.008312616136209998,0.012481478216041526,0.0,469.26861583015506,468.8970824463987,468.44967238864444,469.1160013937427
8.279999999999912,-46.9843977140091,-15.375645039352356,45.205157003776144,6.275043929477324,0.13831792482760896,0.0,-21.59893451230093,-4.512044420536431,3.5592682048726263,-0.008083050640662195,0.016772226619962975,0.0,437.86267078816104,438.2194612140058,438.0659184901711,438.0851296144666
8.339999999999911,-48.30043737985711,-15.647303436122726,45.41553223532551,6.2747070290935625,0.14012902124840743,0.0,-22.274733536358905,-4.543310849479627,3.4521860787009286,-0.0010866350401393652,0.04857742577801329,0.0,438.34679329500204,440.9828138037733,439.0694945304815,439.6497958760553
8.39999999999991,-49.65911539029768,-15.920905266520489,45.62561984684101,6.274560951401371,0.14315629784412032,0.0,-23.020647114949796,-4.576795928405402,3.548012672716689,-0.005277178889657473,0.05396578036468119,0.0,502.2439743739942,502.6359888699455,504.10571400720033,503.80280479187
8.459999999999908,-51.06346981409518,-16.196505679756367,45.83842972629307,6.274128221549173,0.14627545055761892,0.0,-23.797884818616975,-4.6099535236600016,3.543239988135842,-0.011394076983185111,0.047700476427905945,0.0,479.79337512008163,479.31887820712126,479.93689643247757,479.4724116120517
8.519999999999907,-52.515085480291965,-16.47406308445234,46.045196560366286,6.273507520189991,0.14964966436812865,0.0,-24.596750321356854,-4.642042223219423,3.3475273909038674,-0.008325390599645856,0.06938535775806202,0.0,424.4550275534826,426.3147103606761,424.1460124052874,424.40967376387835
8.579999999999906,-54.01681816450096,-16.753601615943875,46.24403235999149,6.273439391196099,0.15390647327056595,0.0,-25.46912188956954,-4.675963612985636,3.2775605456793806,0.01034141029856365,0.07389839054702924,0.0,467.7940886868804,468.14904322910286,468.34213472430525,469.79215427271225
8.639999999999905,-55.57189846461454,-17.03513820074899,46.43362495890522,6.274141238747559,0.15814838825450295,0.0,-26.37590032886515,-4.708604326471646,3.040157945036725,0.014280234171766713,0.06338092812981727,0.0,422.40234403503877,421.49817644190676,420.22118862322014,420.56247752673147
8.699999999999903,-57.1834174485658,-17.318643348726734,46.60941436195708,6.275053930442102,0.16197428320306795,0.0,-27.35139676419369,-4.741569590440754,2.8171737827432466,0.01701185552077201,0.06452168418352994,0.0,430.58214513076643,430.68177476956055,430.6060497755863,430.8370418197014
8.759999999999902,-58.856372207141824,-17.604165050994357,46.77623219854306,6.275524922408978,0.16528624874723796,0.0,-28.42479918389387,-4.7757947799699885,2.7397879274841226,-0.025622381140994188,0.020180802684799236,0.0,483.10012143361536,479.7457106969636,482.9716523302387,479.7444777259779
8.8199999999999,-60.5953563917485,-17.891714963685217,46.93349445133686,6.274024693845215,0.16656491429830567,0.0,-29.553867666631273,-4.809322046054197,2.5000377278266352,-0.023794660985529015,0.02348071683361565,0.0,438.29837245789116,438.5726296969026,437.67051764642514,437.82254658767596
8.8799999999999,-62.404928853456,-18.181310899218694,47.07708648706835,6.273113251379241,0.16740228085378117,0.0,-30.779249254573138,-4.84397612348789,2.283540946932517,-0.0019574219046918006,-0.023438431663371895,0.0,452.45542788689465,448.66101034346747,450.2136828301311,451.9776475620138
8.939999999999898,-64.29127119892111,-18.473018306345118,47.20874026535455,6.272577672720413,0.1659152446366292,0.0,-32.114816497744016,-4.879666740488639,2.102488955451268,-0.02892419162175941,-0.027620346103723426,0.0,466.9192263455886,466.59270662950246,468.2283207942217,466.12515981199374
8.999999999999897,-66.26115279014138,-18.766887147882642,47.32912815287306,6.270740843720606,0.16450241494672913,0.0,-33.56604730214912,-4.916102020194757,1.9076685823697483,-0.0342267651571869,-0.016442783330676728,0.0,466.7636301667144,467.6353217998409,469.1212001845516,468.70890558827176
9.059999999999896,-68.3221403600206,-19.062984732992003,47.438326746668785,6.269020163592863,0.16362534798088912,0.0,-35.154175253984434,-4.953955080884632,1.7286567506977166,-0.01941122290792674,-0.011197186836928072,0.0,479.3506350130666,479.7493211191096,478.06375215413243,479.1914117054676
9.119999999999894,-70.48212325721158,-19.361317120289616,47.53187132140376,6.26850617161203,0.16306138704665507,0.0,-36.86913023211354,-4.9905182558567756,1.38621293294198,0.007214934810335551,-0.006026440330343001,0.0,436.5620084315763,436.9934969247881,434.8335080343958,437.05909344417614
9.179999999999893,-72.75011058034164,-19.661852976623354,47.60426508312199,6.269134513709812,0.1628661837849652,0.0,-38.75801364279657,-5.027352461823722,1.0228796584008668,0.016299512655508296,0.0017846170704956428,0.0,437.64740720672665,438.29732408397894,436.73508337660746,437.4922597943813
9.239999999999892,-75.13649946510414,-19.964529852228633,47.648984103549765,6.269872852671817,0.16263021599438687,0.0,-40.82051555867829,-5.061906341544366,0.46390896108469337,0.0027992819037096946,-0.018951333927054715,0.0,380.85906184759307,378.86991540429796,380.51796262887905,379.22282774842256
9.29999999999989,-77.65410144261632,-20.269330238749145,47.662683246476746,6.269818384269957,0.16153143168140893,0.0,-43.13735638475585,-5.098126238877435,-0.012187755056697114,-0.009604754139600123,-0.017066248696638593,0.0,419.0363142870102,419.20024157657645,419.59392204742346,418.51538107652914
9.35999999999989,-80.31944209721928,-20.576357284268216,47.650432003155174,6.268937910716826,0.16074377792654904,0.0,-45.75189016494121,-5.136123831485241,-0.40308773727221703,-0.027474866620466127,-0.006229054310156287,0.0,457.0905081527317,457.9536743158852,460.754174439532,459.3389300275053
9.419999999999888,-83.15124457759312,-20.885664880832884,47.61307753953277,6.267575146629991,0.1599379491440054,0.0,-48.69475659257947,-5.174128873401132,-0.8505427142930543,-0.014575928622350269,-0.0344866386174585,0.0,458.78557702569776,456.5359224879403,456.73136382267273,457.7591905238179
9.479999999999887,-86.17134025686184,-21.19726603214516,47.54814406570994,6.26647159257195,0.15756577013070316,0.0,-52.039755399765426,-5.212545970710188,-1.3229644570139154,-0.027394592904081097,-0.052267155933808734,0.0,467.82262218582304,466.434970327136,468.84640501040855,467.84921900415395
9.539999999999885,-89.4059909908708,-21.511139117605474,47.45146486420996,6.265165665407082,0.15470433977716702,0.0,-55.861370401268694,-5.249821840391265,-1.9097052545853321,-0.01238545494048628,-0.039829137331291946,0.0,451.9532501431574,452.9535071697274,451.81674814491055,453.0254889259735
9.599999999999884,-92.88729788744658,-21.82722766593018,47.317227071346515,6.264280016742266,0.15252409004696865,0.0,-60.28076248700981,-5.286319716890007,-2.57803557715875,-0.01999373388708738,-0.030138284533934488,0.0,450.998354965156,451.77999947938173,451.49697703327655,450.88267443464406
9.659999999999883,-96.65513095667824,-22.145428649611343,47.137791814349754,6.2629435791942125,0.15055623293243947,0.0,-65.43816248363365,-5.320125012846093,-3.4197961662980307,-0.027275807037919115,-0.03873034474929758,0.0,429.17468327083935,428.4441362433049,427.7823724100322,427.16161795806914
9.719999999999882,-100.76062405202362,-22.465678823772805,46.908191443847876,6.261637661703041,0.1485699512137808,0.0,-71.571805862369,-5.354495340871359,-4.255509956790449,-0.012551843152025087,-0.023730379232688108,0.0,468.68445913532975,469.8486749219002,470.36740466760415,471.50653277120017
9.77999999999988,-105.2693659266391,-22.787817663559423,46.61963465318909,6.261338193081457,0.1468425526167838,0.0,-78.93058625044497,-5.382919208832864,-5.391942498204257,0.006958639458072611,-0.04155472387890102,0.0,430.4210028067237,428.9091573850477,429.5156006906969,431.1675686434809
9.839999999999879,-110.26736981050774,-23.111554473355856,46.25692160535689,6.261785513311242,0.14473267709569893,0.0,-87.95531887528438,-5.4076489976791935,-6.736292236002517,0.008430705380814465,-0.02474230413096036,0.0,433.3135636637434,434.72430955215066,435.3454725797898,435.46854388399925
9.899999999999878,-115.87247856829283,-23.436670512138754,45.807094175306524,6.261887219198766,0.14324058512090243,0.0,-99.28065650753177,-5.4285492783997595,-8.312972200523399,-0.017290231080368805,-0.025121155708951768,0.0,458.8649965068064,458.83484048912413,460.4659726406772,458.4263055297567
9.959999999999877,-122.2493721756478,-23.76273966655113,45.24778073035405,6.260635159298753,0.14134818817604877,0.0,-113.86339128115878,-5.438606158044902,-10.409718476853135,-0.029204768498174986,-0.04920993075276589,0.0,438.09999699920564,436.09155881643414,436.6654530686297,435.6701735403193
10.019999999999875,-129.6389754892571,-24.089013030347527,44.546382896182436,6.259327385031856,0.13822590628253817,0.0,-133.34776122233248,-5.434215169911878,-13.085672523603805,-0.010040892965965071,-0.05839507401607149,0.0,457.87769970982487,457.14456059401385,457.21203297143035,458.73653102962226
